tree
version=v4
num_class=1
num_tree_per_iteration=1
label_index=0
max_feature_idx=157
objective=regression
feature_names=Column_0 Column_1 Column_2 Column_3 Column_4 Column_5 Column_6 Column_7 Column_8 Column_9 Column_10 Column_11 Column_12 Column_13 Column_14 Column_15 Column_16 Column_17 Column_18 Column_19 Column_20 Column_21 Column_22 Column_23 Column_24 Column_25 Column_26 Column_27 Column_28 Column_29 Column_30 Column_31 Column_32 Column_33 Column_34 Column_35 Column_36 Column_37 Column_38 Column_39 Column_40 Column_41 Column_42 Column_43 Column_44 Column_45 Column_46 Column_47 Column_48 Column_49 Column_50 Column_51 Column_52 Column_53 Column_54 Column_55 Column_56 Column_57 Column_58 Column_59 Column_60 Column_61 Column_62 Column_63 Column_64 Column_65 Column_66 Column_67 Column_68 Column_69 Column_70 Column_71 Column_72 Column_73 Column_74 Column_75 Column_76 Column_77 Column_78 Column_79 Column_80 Column_81 Column_82 Column_83 Column_84 Column_85 Column_86 Column_87 Column_88 Column_89 Column_90 Column_91 Column_92 Column_93 Column_94 Column_95 Column_96 Column_97 Column_98 Column_99 Column_100 Column_101 Column_102 Column_103 Column_104 Column_105 Column_106 Column_107 Column_108 Column_109 Column_110 Column_111 Column_112 Column_113 Column_114 Column_115 Column_116 Column_117 Column_118 Column_119 Column_120 Column_121 Column_122 Column_123 Column_124 Column_125 Column_126 Column_127 Column_128 Column_129 Column_130 Column_131 Column_132 Column_133 Column_134 Column_135 Column_136 Column_137 Column_138 Column_139 Column_140 Column_141 Column_142 Column_143 Column_144 Column_145 Column_146 Column_147 Column_148 Column_149 Column_150 Column_151 Column_152 Column_153 Column_154 Column_155 Column_156 Column_157
feature_infos=[-0.26114121079444885:0.50000005960464478] [0:0.51582044363021851] [-1:1] [-0.011838864535093307:0.23613768815994263] [-0.38095146417617798:1] [-0.0062289964407682419:0.46149128675460815] [-0.15757459402084351:1] [-0.2749999463558197:0.50000005960464478] [-1:1] [0.66666662693023682:1.3534386157989502] [1:1.3630214929580688] [0.52081602811813354:1] [0.84683513641357422:1.1119879484176636] [0.55183452367782593:2.7924528121948242] [0.73036020994186401:1.9720395803451538] [0:0.7419506311416626] [-0.40287300944328308:0.12857142090797424] [0:1] [-0.47296521067619324:0.29371067881584167] [1:2.8238992691040039] [0.46826758980751038:1] [0.80777060985565186:2.2704355716705322] [0.57142859697341919:1.9521863460540771] [0.20000000298023224:1] [0:1] [0.20000000298023224:1] [0.20000000298023224:1] [-0.80000001192092896:0.80000001192092896] [-inf:inf] [-1:1] [0:1] [0:1] [-1:1] [0:1] [0:1] [-1:1] [0.20000000298023224:5.1976091677994516e+18] [0.0076170554384589195:5.3056471803447214e+18] [0.042412679642438889:2.2360680103302002] [0:1] [0:1] [-1:1] [0.42857146263122559:3.7657232284545898] [0.65639346837997437:2.2448112964630127] [0.00012256317131686956:1.0150226354598999] [-0.31214979290962219:0.062636442482471466] [0:0.99626600742340088] [-0.7915155291557312:0.34837070107460022] [1:3.904088020324707] [0.43866172432899475:1] [0.65714287757873535:2.9179153442382812] [0.50804877281188965:2.1940631866455078] [0.10000000149011612:1] [0:1] [0.10000000149011612:1] [0.10000000149011612:1] [-0.89999997615814209:0.89999997615814209] [-1:1] [-1:1] [0:1] [0:1] [-1:1] [0:1] [0:1] [-1:1] [0.10000000149011612:3.3424829128460206e+18] [0.039334516972303391:4.0456164756401684e+18] [0.22528839111328125:3.1622776985168457] [0.0097911898046731949:1] [0:0.99020880460739136] [-0.98041760921478271:1] [0.30733945965766907:5.894289493560791] [0.57282203435897827:3.0864522457122803] [0.00049789028707891703:1.6451026201248169] [-0.26079630851745605:0.040891058743000031] [1.0339746433726295e-14:0.98828375339508057] [-1.004117488861084:1.0390734672546387] [1:5.8517622947692871] [0.29578542709350586:1] [0.57142859697341919:4.4684586524963379] [0.42468085885047913:2.4723269939422607] [0.05000000074505806:1] [0:1] [0.05000000074505806:1] [0.05000000074505806:1] [-0.94999998807907104:0.94999998807907104] [-1:0.95347094535827637] [-1:1] [0:0.94999998807907104] [0:0.89999997615814209] [-0.80000001192092896:0.89999997615814209] [0:1] [0:1] [-1:1] [0.05000000074505806:2.6038321008177316e+18] [0.086664125323295593:2.9520213199332311e+18] [0.38038232922554016:4.4721360206604004] [0.035155311226844788:1] [0:0.96484470367431641] [-0.92968940734863281:1] [0.30784913897514343:6.6962337493896484] [0.54515963792800903:4.1788177490234375] [0.0006961109465919435:2.0289490222930908] [-0.22465924918651581:0.031418822705745697] [2.1314986234366451e-11:0.99137932062149048] [-1.0921701192855835:1.2326457500457764] [1:6.7861485481262207] [0.29118773341178894:1] [0.59132963418960571:6.3314704895019531] [0.3679693341255188:2.787106990814209] [0.033333335071802139:1] [0:1] [0.033333335071802139:1] [0.033333335071802139:1] [-0.96666663885116577:0.96666663885116577] [-1:0.92723184823989868] [-1:1] [0:0.89999997615814209] [0:0.86666667461395264] [-0.73333334922790527:0.80000001192092896] [0:1] [0:1] [-1:1] [0.033333335071802139:2.570241195955454e+18] [0.1047486886382103:2.4872200965990646e+18] [0.47883898019790649:5.4772257804870605] [0.078956767916679382:1] [0:0.92104321718215942] [-0.84208649396896362:1] [0.35798662900924683:7.6808171272277832] [0.48031768202781677:5.5623331069946289] [0.001098299864679575:2.0496456623077393] [-0.10746894031763077:0.014921596273779869] [2.0668758371478191e-10:0.98547482490539551] [-1.6265164613723755:1.1245826482772827] [1:7.770439624786377] [0.21432600915431976:1] [0.58726727962493896:7.3562889099121094] [0.31336718797683716:4.0699877738952637] [0.01666666753590107:1] [0:1] [0.01666666753590107:1] [0.01666666753590107:1] [-0.98333334922790527:0.98333334922790527] [-0.96645760536193848:0.86442196369171143] [-0.88176214694976807:0.89211928844451904] [0.01666666753590107:0.80000001192092896] [0.033333335071802139:0.73333334922790527] [-0.46666666865348816:0.60000002384185791] [0.057279173284769058:0.89609014987945557] [0.10390982776880264:0.94272083044052124] [-0.88544166088104248:0.79218035936355591] [0.016911111772060394:2.5316455890414469e+18] [0.11062273383140564:1.9343823516184084e+18] [0.60835349559783936:7.6589827537536621] [0.037037037312984467:0.98575127124786377] [0.01424870453774929:0.96296298503875732] [-0.92592591047286987:0.97150260210037231]
tree_sizes=3007 3074 3055 3053 2989 3046 3046

Tree=0
num_leaves=31
num_cat=0
split_feature=100 33 96 86 74 129 142 67 16 103 33 131 124 92 107 109 112 15 93 15 100 16 20 131 79 142 143 47 92 71
split_gain=14.9374 12.7806 7.28489 6.26875 4.70124 4.46865 7.88537 3.28442 2.83635 2.29849 3.39724 3.1581 2.13208 1.88778 1.88767 1.76427 1.73029 1.59256 1.57954 1.95432 1.7064 1.87741 1.57949 1.51545 1.925 1.4305 1.36589 1.42594 1.28455 2.1015
threshold=1.6667647957801821 0.56343564391136181 1.3639052510261538 -0.83304053544998158 -0.0095504331402480585 1.4201547503471377 0.37500000000000006 1.1269322633743288 0.036519968882203109 -0.024376781657338139 0.25736001133918768 0.37032428383827215 0.35031153261661535 0.7745054066181184 0.80029222369194042 1.0628376603126528 0.41666667163372045 0.098281305283308043 -0.47543954849243159 0.068422518670558943 1.467866897583008 -0.00070209734258241941 0.81508222222328197 0.084735471755266203 1.2449531555175783 0.17500000447034839 0.82499998807907116 -0.020222188904881474 0.70886939764022838 1.2001703977584841
decision_type=2 2 2 2 2 2 2 2 2 2 2 2 2 2 2 2 2 2 2 2 2 2 2 2 2 2 2 2 2 2
left_child=3 2 9 4 7 22 25 15 18 10 11 -2 14 -11 -4 -1 -14 -3 19 -8 -20 -22 -5 24 -24 -7 27 28 29 -25
right_child=1 17 12 5 -6 6 8 -9 -10 13 -12 -13 16 -15 -16 -17 -18 -19 20 -21 21 -23 23 26 -26 -27 -28 -29 -30 -31
leaf_value=0.00107895044948807 0.0067218600387051203 0.0018684446942962844 0.0074890088102548876 0.0015889393705791947 0.002115103473877087 0.010231405026959644 0.0026839032040157111 0.0020490170758700552 0.00079600995018861689 0.0054398845381929605 0.0056907274893130098 0.010831884713659597 0.0050335490778380069 5.0344610918115051e-05 -0.00028770044634139798 -0.0012948094250063076 -0.0016823652392305584 -0.001298276475073714 0.0029178228704731649 0.00043858690633273925 0.0047548913007040769 0.0025204494091260552 0.002467699861822408 0.0029477945885912947 0.0011748536853758752 0.0053358219839096353 0.002259339317477418 0.0025935408923353849 0.0019767994533427973 0.004562248241533836
leaf_weight=408 368 483 32 1799 3683 57 1518 647 587 332 772 310 301 71 230 911 39 203 7420 453 1026 505 730061 9036 1038 933 8814 53048 1057 789
leaf_count=408 368 483 32 1799 3683 57 1518 647 587 332 772 310 301 71 230 911 39 203 7420 453 1026 505 730061 9036 1038 933 8814 53048 1057 789
internal_value=0.0024866 0.0045515 0.00556308 0.00247873 0.00148279 0.0024856 0.0030485 0.000298247 0.0028275 0.00649454 0.00705157 0.00860107 0.00269595 0.00449036 0.000662127 -0.000560546 0.00426319 0.000931354 0.00293668 0.00216786 0.00310598 0.00401786 0.00247687 0.00247886 0.00246586 0.00561769 0.00260944 0.00265771 0.00297054 0.00307744
internal_weight=826931 3141 2455 823790 5649 818141 12499 1966 11509 1853 1450 678 602 403 262 1319 340 686 10922 1971 8951 1531 805642 803843 731099 990 72744 63930 10882 9825
internal_count=826931 3141 2455 823790 5649 818141 12499 1966 11509 1853 1450 678 602 403 262 1319 340 686 10922 1971 8951 1531 805642 803843 731099 990 72744 63930 10882 9825
is_linear=0
shrinkage=1


Tree=1
num_leaves=31
num_cat=0
split_feature=129 83 35 102 86 115 74 142 67 125 51 129 142 51 35 12 105 151 85 21 86 135 136 47 42 154 154 96 102 91
split_gain=13.3135 7.21329 6.08057 6.89457 5.6468 4.89625 4.25902 3.54307 3.12627 2.77952 2.38276 2.32819 3.55412 2.49 2.07428 1.8373 1.83496 1.58953 1.40087 1.3714 1.36832 1.33882 1.69862 1.40213 1.34385 1.33859 1.32353 1.29905 1.26364 1.58739
threshold=1.6772087812423708 0.075000001117587103 -0.038591273128986352 0.24589215964078906 -0.83304053544998158 -0.76888102293014515 -0.0095504331402480585 0.37500000000000006 1.1269322633743288 1.927920460700989 0.85607692599296581 1.378081798553467 0.37500000000000006 0.85607692599296581 -0.55615457892417897 0.97799849510192882 -0.032440824434161179 -0.27287486195564264 -0.37499999999999994 1.0226023197174074 -0.67096367478370655 1.1049672365188601 0.88927376270294201 -0.0069426568225026122 1.1666666865348818 2.4109688997268681 2.2935717105865483 1.6677393913269045 0.14824336022138598 0.25539614260196691
decision_type=2 2 2 2 2 2 2 2 2 2 2 2 2 2 2 2 2 2 2 2 2 2 2 2 2 2 2 2 2 2
left_child=4 2 3 -2 6 18 8 -7 16 14 27 15 -13 -14 26 20 -1 -15 -3 -19 -6 -17 23 -23 -24 -12 -5 -9 -21 -30
right_child=1 5 -4 9 11 7 -8 10 -10 -11 25 12 13 17 -16 21 -18 19 -20 28 -22 22 24 -25 -26 -27 -28 -29 29 -31
leaf_value=-0.003690693836763799 0.00078797811695589782 -0.0027980763236781867 0.0003439869702293397 0.0065298416849225759 -0.0027031131622655049 0.0036553775531463061 -0.00036083913532425604 -0.0018431737668745437 -0.00037078031338221734 0.00090226195828638168 0.0012644828370640794 0.0023355628429179093 -0.0016292170693257319 3.9107283997046559e-05 0.0043586393181385122 -3.3482794335476751e-05 -0.0012387951145882872 0.00023136686716165354 0.0024592787876506058 0.00079441883521064703 -0.0005738976778440029 0.00038687668564995324 2.0989379223628318e-05 7.9544347756067889e-05 -0.00045125722577546093 -0.00053841925038525642 0.011974764234075943 0.0059923203361686318 -0.00069784179220887569 0.00279888639887153
leaf_weight=902 516 432 705 375 326 395 3683 398 632 134 2243 801 590 5988 594 561146 395 2373 51 1917 1629 21278 176597 35904 5595 444 45 20 141 682
leaf_count=902 516 432 705 375 326 395 3683 398 632 134 2243 801 590 5988 594 561146 395 2373 51 1917 1629 21278 176597 35904 5595 444 45 20 141 682
internal_value=3.70497e-12 0.00136816 0.00267902 0.00366832 -1.05908e-05 0.000588493 -0.000958951 0.000979233 -0.00210091 0.00496297 0.000638789 -4.0602e-06 0.000402346 0.000269893 0.00549959 -1.03867e-05 -0.00294397 0.000370827 -0.00224295 0.000759315 -0.000928948 -8.14338e-06 5.12579e-05 0.000193906 6.48699e-06 0.000966571 0.00711323 -0.00146827 0.00121655 0.00219981
internal_weight=826931 6352 2369 1664 820579 3983 5612 3500 1929 1148 3105 814967 12492 11691 1014 802475 1297 11101 483 5113 1955 800520 239374 57182 182192 2687 420 418 2740 823
internal_count=826931 6352 2369 1664 820579 3983 5612 3500 1929 1148 3105 814967 12492 11691 1014 802475 1297 11101 483 5113 1955 800520 239374 57182 182192 2687 420 418 2740 823
is_linear=0
shrinkage=0.03


Tree=2
num_leaves=31
num_cat=0
split_feature=100 13 83 86 73 125 129 142 91 125 131 13 16 105 85 12 86 124 97 91 15 100 16 142 135 136 47 15 86 82
split_gain=13.342 11.9744 9.16856 5.55905 4.14304 3.95926 3.95043 7.02055 3.63352 3.38373 3.25552 3.42613 2.56336 1.85227 1.75151 1.69142 1.66016 1.52227 1.46276 1.45084 1.83899 1.56504 1.71988 1.34688 1.3428 1.7091 1.47226 1.29299 1.29037 1.21016
threshold=1.6667647957801821 0.96179279685020458 0.12500000372529033 -0.83304053544998158 0.069247432053089156 1.927920460700989 1.4201547503471377 0.37500000000000006 0.22588679939508441 2.0357601642608647 0.37032428383827215 1.1346248388290407 0.036519968882203109 -0.022370820865035054 -0.47499999403953547 0.97799849510192882 -0.86654016375541676 0.31882305443286901 0.63582870364189159 0.26237007975578314 0.068422518670558943 1.467866897583008 -0.00070209734258241941 0.17500000447034839 1.1049672365188601 0.88927376270294201 -0.0019666808657348152 0.098281305283308043 -0.63501107692718495 0.070957001298666014
decision_type=2 2 2 2 2 2 2 2 2 2 2 2 2 2 2 2 2 2 2 2 2 2 2 2 2 2 2 2 2 2
left_child=3 27 5 4 -1 10 15 23 14 13 16 -12 19 -6 -4 28 29 -7 -13 20 -9 -21 -23 -8 -17 26 -26 -2 -5 -3
right_child=1 2 8 6 9 17 7 12 -10 -11 11 18 -14 -15 -16 24 -18 -19 -20 21 -22 22 -24 -25 25 -27 -28 -29 -30 -31
leaf_value=-0.00035218253685467344 -0.00073033922633005028 -0.0057771346650632282 -0.0042397987193214647 -0.0023871850266371404 -0.0035211570399873034 -0.0036986560471123082 0.0074293406094473446 0.00018723806091813894 0.001500111775388998 -0.00022263229717044201 0.0035525385690547261 0.0069917629844490061 -0.0016114969761733078 -0.00089809333667938444 0.0041756519380956886 -3.2473343436003119e-05 0.0036791475312288138 0.0017465505374698906 0.011838125801408913 0.00040563967197936138 -0.0019906554635404452 0.0021645726264492163 2.592751323470228e-05 0.0026789930784083616 0.00035617273664306993 7.186792050145927e-06 5.3843417195970017e-05 -0.0035733269776732257 -0.00049636910064673842 0.0020480739772724718
leaf_weight=3685 440 29 203 405 1028 60 57 1519 369 619 297 343 587 317 25 561148 847 201 67 7419 453 1026 505 933 26949 184126 31373 214 1641 46
leaf_count=3685 440 29 203 405 1028 60 57 1519 369 619 297 343 587 317 25 561148 847 201 67 7419 453 1026 505 933 26949 184126 31373 214 1641 46
internal_value=7.29171e-12 0.00195151 0.00290138 -7.44084e-06 -0.000945308 0.00392512 -9.65166e-07 0.000528287 -0.000339609 -0.00205817 0.00447474 0.00600627 0.000319757 -0.00290293 -0.00331705 -9.17616e-06 0.00330034 0.000494779 0.00778373 0.000423552 -0.000313059 0.000585853 0.00145914 0.0029525 -6.9828e-06 5.20153e-05 0.000193542 -0.00166061 -0.000870651 -0.000977673
internal_weight=826931 3141 2487 823790 5649 1890 818141 12499 597 1964 1629 707 11509 1345 228 805642 922 261 410 10922 1972 8950 1531 990 803596 242448 58322 654 2046 75
internal_count=826931 3141 2487 823790 5649 1890 818141 12499 597 1964 1629 707 11509 1345 228 805642 922 261 410 10922 1972 8950 1531 990 803596 242448 58322 654 2046 75
is_linear=0
shrinkage=0.03


Tree=3
num_leaves=31
num_cat=0
split_feature=100 13 125 86 73 129 133 78 125 15 104 131 34 93 94 105 86 57 12 154 143 135 136 97 15 86 75 5 21 129
split_gain=12.5535 11.2667 6.69711 5.23051 3.89818 3.71696 4.25844 3.40029 3.18375 2.3543 2.34084 3.32774 3.15335 1.92555 1.81044 1.7428 1.71988 1.69058 1.59146 1.53916 1.34223 1.2729 1.58688 1.24642 1.21658 1.21411 1.10415 1.09897 1.08864 1.42334
threshold=1.6667647957801821 0.96179279685020458 1.927920460700989 -0.83304053544998158 0.069247432053089156 1.4201547503471377 0.4505875706672669 0.98861119151115429 2.0357601642608647 0.068422518670558943 0.72423478960990917 0.37032428383827215 0.68347713351249706 -0.50659698247909535 0.64711099863052379 -0.022370820865035054 -0.86654016375541676 -0.91907063126564015 0.97799849510192882 1.9882149100303652 -0.15833333879709241 1.0743811726570132 0.87238207459449779 0.63582870364189159 0.098281305283308043 -0.63501107692718495 0.84786993265151989 0.0073392372578382501 1.0297051072120669 1.1424532532691958
decision_type=2 2 2 2 2 2 2 2 2 2 2 2 2 2 2 2 2 2 2 2 2 2 2 2 2 2 2 2 2 2
left_child=3 24 7 4 -1 18 13 10 15 -8 26 16 -13 -7 17 27 -12 -4 25 -9 -15 -20 28 -14 -2 -5 -3 -6 -23 -30
right_child=1 2 14 5 8 6 9 19 -10 -11 11 12 23 20 -16 -17 -18 -19 21 -21 -22 22 -24 -25 -26 -27 -28 -29 29 -31
leaf_value=-0.00034161704595394134 -0.00070842904241230414 0.0024400739182288385 0.0017961043827235698 -0.0023155694384404341 -0.0016086852184852409 -0.0011085801602748687 0.00046152627291886342 0.0015663671198528893 -0.00021595333423454909 -0.00082362877017809499 -0.0011547257258821078 0.0035511268530345453 0.0070733567291093105 0.0019754302704424846 0.00089180218264134435 -0.00087115053103465105 0.0036298105274240977 -0.0050884228622765345 -3.9320029787082031e-05 -0.0046817648665685397 0.0061351307256054862 9.5181099572502989e-05 3.9514738847194968e-06 0.011703305549564816 -0.0034661272047936185 -0.00048147801778551186 -0.0023656856763053075 -0.0039480159166389237 0.00025277295490667685 0.0010003649950776283
leaf_weight=3685 440 353 45 405 234 180 9154 94 619 1492 74 260 309 1600 287 317 784 112 461030 57 73 53342 271355 63 214 1641 49 794 15169 2700
leaf_count=3685 440 353 45 405 234 180 9154 94 619 1492 74 260 309 1600 287 317 784 112 461030 57 73 53342 271355 63 214 1641 49 794 15169 2700
internal_value=1.14282e-12 0.00189297 0.00281434 -7.21762e-06 -0.000916949 -9.36217e-07 0.000512438 0.00354009 -0.00199643 0.000281416 0.00388584 0.00443395 0.00608587 0.00183972 -0.000525071 -0.00281585 0.00321716 -0.00311515 -8.90088e-06 -0.000792199 0.00215694 -6.77332e-06 3.70285e-05 0.00785746 -0.0016108 -0.000844531 0.0018543 -0.00341552 0.000163071 0.000365734
internal_weight=826931 3141 2487 823790 5649 818141 12499 2043 1964 10646 1892 1490 632 1853 444 1345 858 157 805642 151 1673 803596 342566 372 654 2046 402 1028 71211 17869
internal_count=826931 3141 2487 823790 5649 818141 12499 2043 1964 10646 1892 1490 632 1853 444 1345 858 157 805642 151 1673 803596 342566 372 654 2046 402 1028 71211 17869
is_linear=0
shrinkage=0.03


Tree=4
num_leaves=31
num_cat=0
split_feature=135 83 13 86 1 135 16 67 86 96 71 67 13 21 78 142 46 12 85 153 86 43 47 71 91 53 143 78 78 138
split_gain=10.827 5.74532 5.72995 5.21504 3.734 3.68837 4.3628 3.0074 2.89597 2.86786 3.74065 2.68474 1.84952 1.84286 1.7884 1.76873 1.71128 1.57462 1.48619 1.40078 1.34636 1.32581 1.30049 2.03123 1.28172 1.19584 1.14867 1.14671 1.12803 1.09493
threshold=2.0766106843948369 0.075000001117587103 1.1346248388290407 -0.83304053544998158 0.037640528753399856 1.4032407402992251 0.036519968882203109 1.1316784620285036 -0.75292453169822682 0.99856317043304454 1.5170707106590273 1.1413673162460329 0.84576511383056652 1.1627186536788943 0.9727894961833955 0.39166666567325598 0.92967909574508678 0.97799849510192882 -0.47499999403953547 0.346185252070427 -0.6522640287876128 1.0196788311004641 -0.044825974851846688 1.1627326011657717 0.29611515998840338 0.062995191663503661 -0.74166667461395253 0.9300019145011903 0.82119312882423412 1.1622380614280703
decision_type=2 2 2 2 2 2 2 2 2 2 2 2 2 2 2 2 2 2 2 2 2 2 2 2 2 2 2 2 2 2
left_child=3 2 12 4 -1 17 9 -6 16 10 15 14 -2 -11 25 -7 18 20 26 -13 -5 -10 23 -17 -25 27 -3 -4 -23 -19
right_child=1 8 11 5 7 6 -8 -9 21 13 -12 19 -14 -15 -16 22 -18 29 -20 -21 -22 28 -24 24 -26 -27 -28 -29 -30 -31
leaf_value=-0.0002161314589196075 -0.00206195808560385 -0.0010505464515122383 0.016748559985842022 -0.0028621503240875623 -0.0024977354702425542 0.0018314430248495028 -0.0016540663765152413 -0.00036474657292088 0.00027312392349171724 0.00024809824322710109 0.002987524823481605 -0.0016914519571167017 0.0021214571855877611 -0.0011540372860694629 0.0024168524232975738 0.00019877146277624789 0.0058955472651869064 -7.1629782240838296e-06 0.0044787996578961615 0.0048608766206624833 -0.00055527892014269249 0.0040115575467658798 0.00038414540134831013 -0.00055176325524371346 0.003216086756399505 0.0065288644158931139 -0.0059233032379465136 0.0081626922756965654 0.001359542857348099 -0.00076271572819308002
leaf_weight=3202 115 69 21 271 1687 1064 905 919 774 9591 675 63 550 925 84 605 20 792903 20 55 1425 194 7371 96 529 344 118 42 564 1730
leaf_count=3202 115 69 21 271 1687 1064 905 919 774 9591 675 63 550 925 84 605 20 792903 20 55 1425 194 7371 96 529 344 118 42 564 1730
internal_value=1.02473e-12 0.00178913 0.00332336 -6.58629e-06 -0.000902365 -2.26744e-07 0.000385114 -0.00174554 0.000677926 0.0004736 0.000828372 0.00542575 0.00139801 0.000124765 0.00640224 0.000677578 -0.00248436 -1.07568e-05 -0.00329402 0.0013626 -0.000923889 0.00114649 0.000534837 0.00143788 0.00263734 0.00722477 -0.00412533 0.0110246 0.00203829 -8.8079e-06
internal_weight=826931 3033 1274 823898 5808 818090 21761 2606 1759 20856 10340 609 665 10516 491 9665 227 796329 207 118 1696 1532 8601 1230 625 407 187 63 758 794633
internal_count=826931 3033 1274 823898 5808 818090 21761 2606 1759 20856 10340 609 665 10516 491 9665 227 796329 207 118 1696 1532 8601 1230 625 407 187 63 758 794633
is_linear=0
shrinkage=0.03


Tree=5
num_leaves=31
num_cat=0
split_feature=100 13 83 86 1 129 142 125 91 67 16 49 129 13 85 118 96 124 151 31 142 21 20 143 67 19 7 86 61 67
split_gain=11.2331 10.2951 8.04514 4.68568 4.79918 3.50507 6.6171 3.39669 3.17501 2.80287 2.45078 1.9116 1.77187 1.64882 1.59616 1.4609 1.34985 1.33855 1.31188 1.73104 1.55136 1.37457 1.23369 1.22443 1.21228 1.17989 1.21838 1.59424 1.12827 2.04087
threshold=1.6667647957801821 0.96179279685020458 0.12500000372529033 -0.8069893717765807 0.047596475109457977 1.378081798553467 0.37500000000000006 1.927920460700989 0.22588679939508441 1.0384892821311953 0.036519968882203109 0.98827409744262706 1.9582254290580752 1.1346248388290407 -0.47499999403953547 0.75000000000000011 1.0011097192764284 0.31882305443286901 -0.27287486195564264 0.30000000447034841 0.5416666865348817 1.1627186536788943 0.81508222222328197 -0.69166666269302357 0.82154381275177013 1.0296264290809634 0.054994141682982452 -0.55674856901168812 -0.35000000894069666 0.7377644181251527
decision_type=2 2 2 2 2 2 2 2 2 2 2 2 2 2 2 2 2 2 2 2 2 2 2 2 2 2 2 2 2 2
left_child=3 -2 7 4 28 22 -7 11 14 16 18 12 -3 -14 -4 23 -6 -9 21 -20 -21 -8 -5 -15 -13 -24 -27 -28 29 -1
right_child=1 2 8 5 9 6 10 17 -10 -11 -12 24 13 15 -16 -17 -18 -19 19 20 -22 -23 25 -25 -26 26 27 -29 -30 -31
leaf_value=-0.0026709183596895654 -0.001558624563993429 0.0032731936494038781 -0.0040286689060163826 -0.00082250469738362779 -0.00093840062682526567 0.0025711537048691219 0.00018901409987089117 -0.0034791735890030394 0.0013551868268523394 -0.00055530269646144931 -0.0014923229046044726 0.0034947341727092863 0.0035165612648867797 0.0046569095171305466 0.0040049047814682123 0.012979130497468369 -0.0031308661796360117 0.0016268753227273891 -0.00059935650084884785 -5.0405785322666695e-05 0.0011719697574163383 -0.0015829599717976993 -3.0415801391044338e-05 0.0075871096674645696 -0.0028331301191991025 5.4462717501938805e-05 -0.0020578732948753771 -0.00010064116219797233 4.2642892857135812e-06 -0.00036626847137213034
leaf_weight=434 654 678 203 1670 324 1217 7143 60 369 945 679 54 293 292 25 28 1149 201 817 1220 3992 417 554588 229 55 241361 563 1119 4450 1702
leaf_count=434 654 678 203 1670 324 1217 7143 60 369 945 679 54 293 292 25 28 1149 201 817 1220 3992 417 554588 229 55 241361 563 1119 4450 1702
internal_value=-4.91951e-13 0.00179065 0.0026714 -6.82751e-06 -0.000687446 6.93837e-07 0.000447735 0.00363037 -0.000364545 -0.00183051 0.000266616 0.00413944 0.00441464 0.00533377 -0.00314779 0.00630361 -0.00264861 0.000453071 0.000354505 0.00068458 0.000885842 9.12743e-05 -7.96677e-06 0.00594485 0.000301775 -6.26137e-06 4.88555e-05 -0.000755767 -0.000267779 -0.000834535
internal_weight=826931 3141 2487 823790 9004 814786 15485 1890 597 2418 14268 1629 1520 842 228 549 1473 261 13589 6029 5212 7560 799301 521 109 797631 243043 1682 6586 2136
internal_count=826931 3141 2487 823790 9004 814786 15485 1890 597 2418 14268 1629 1520 842 228 549 1473 261 13589 6029 5212 7560 799301 521 109 797631 243043 1682 6586 2136
is_linear=0
shrinkage=0.03


Tree=6
num_leaves=31
num_cat=0
split_feature=100 33 83 86 1 135 142 91 96 16 96 131 33 141 153 92 71 20 21 85 123 12 140 10 105 86 135 136 142 38
split_gain=10.5692 9.43187 7.43884 4.40876 4.51555 3.1644 4.17338 3.10756 2.90881 2.69638 2.2341 2.16993 2.8029 2.05995 1.75933 1.71376 2.63601 1.82238 1.76575 1.61712 1.5572 1.30956 1.22097 1.13131 1.41756 1.10696 1.10595 1.3813 1.10564 1.10266
threshold=1.6667647957801821 0.56343564391136181 0.12500000372529033 -0.8069893717765807 0.047596475109457977 1.4032407402992251 0.39166666567325598 0.24682341516017917 1.5077870488166811 0.036519968882203109 1.7042955756187441 0.37032428383827215 0.30658693611621862 0.041666667908430106 0.28668843209743505 0.71385198831558239 1.3566153645515444 0.9267689883708955 1.1627186536788943 -0.47499999403953547 0.47221486270427709 0.97799849510192882 0.16360052675008777 1.0030437111854555 -0.083200365304946886 -0.6522640287876128 1.0743811726570132 0.85900500416755687 0.17500000447034839 0.53145042061805736
decision_type=2 2 2 2 2 2 2 2 2 2 2 2 2 2 2 2 2 2 2 2 2 2 2 2 2 2 2 2 2 2
left_child=3 2 8 4 29 21 13 19 11 15 23 -2 20 28 -10 16 -8 -18 -17 -4 -13 25 -3 -6 -25 -5 -23 -28 -7 -1
right_child=1 22 7 5 10 6 9 -9 14 -11 -12 12 -14 -15 -16 18 17 -19 -20 -21 -22 26 -24 24 -26 -27 27 -29 -30 -31
leaf_value=-0.0012567151500509877 0.0030277852895918209 0.00036345366363827196 -0.0037147156184203461 -0.0027249552252556174 -0.0040311785685373351 0.0066459709185541479 0.00034339367341696894 0.0015498975099601212 -0.0028243637452781034 -0.0014655946751312202 -0.000174067910039547 0.011406148398705459 0.0030964551313384134 0.00071792269776900562 0.0023367131384305511 5.2925107592378734e-06 0.00068304880505891223 0.0031713963433471978 -0.0018519546284589395 0.0043297701890347524 0.0061252327589112112 -3.736100397409316e-05 -0.0022954829864452872 -0.0029645138219997571 -0.0011381181220258877 -0.00053043284066356443 0.0001672245124149463 6.2401920819703198e-06 0.0023151086563208538 -0.00010860494153220853
leaf_weight=867 908 238 224 242 285 56 12535 324 89 820 592 59 308 1167 179 4300 541 519 516 25 339 460381 448 705 836 1425 58191 273085 1008 5719
leaf_count=867 908 238 224 242 285 56 12535 324 89 820 592 59 308 1167 179 4300 541 519 516 25 339 460381 448 705 836 1425 58191 273085 1008 5719
internal_value=-2.53182e-12 0.00173693 0.00260594 -6.62268e-06 -0.000666822 6.7302e-07 0.00036012 -0.000386885 0.00351714 0.000217632 -0.00177559 0.00399774 0.00524522 0.00158835 0.000622773 0.000292601 0.000464871 0.0019014 -0.000193698 -0.00290704 0.00690808 -9.0512e-06 -0.00137299 -0.00229482 -0.00197369 -0.000849014 -7.28249e-06 3.45182e-05 0.00254305 -0.000259745
internal_weight=826931 3141 2455 823790 9004 814786 21462 573 1882 19231 2418 1614 706 2231 268 18411 13595 1060 4816 249 398 793324 686 1826 1541 1667 791657 331276 1064 6586
internal_count=826931 3141 2455 823790 9004 814786 21462 573 1882 19231 2418 1614 706 2231 268 18411 13595 1060 4816 249 398 793324 686 1826 1541 1667 791657 331276 1064 6586
is_linear=0
shrinkage=0.03


end of trees

feature_importances:
Column_86=16
Column_142=11
Column_129=8
Column_13=7
Column_16=7
Column_67=7
Column_100=7
Column_135=7
Column_15=6
Column_91=6
Column_96=6
Column_125=6
Column_12=5
Column_21=5
Column_83=5
Column_85=5
Column_131=5
Column_33=4
Column_47=4
Column_71=4
Column_78=4
Column_105=4
Column_136=4
Column_143=4
Column_1=3
Column_20=3
Column_92=3
Column_124=3
Column_154=3
Column_35=2
Column_51=2
Column_73=2
Column_74=2
Column_93=2
Column_97=2
Column_102=2
Column_151=2
Column_153=2
Column_5=1
Column_7=1
Column_10=1
Column_19=1
Column_31=1
Column_34=1
Column_38=1
Column_42=1
Column_43=1
Column_46=1
Column_49=1
Column_53=1
Column_57=1
Column_61=1
Column_75=1
Column_79=1
Column_82=1
Column_94=1
Column_103=1
Column_104=1
Column_107=1
Column_109=1
Column_112=1
Column_115=1
Column_118=1
Column_123=1
Column_133=1
Column_138=1
Column_140=1
Column_141=1

parameters:
[boosting: gbdt]
[objective: regression]
[metric: rmse,l2]
[tree_learner: serial]
[device_type: cpu]
[data_sample_strategy: bagging]
[data: ]
[valid: ]
[num_iterations: 1000]
[learning_rate: 0.03]
[num_leaves: 31]
[num_threads: 16]
[seed: 42]
[deterministic: 1]
[force_col_wise: 1]
[force_row_wise: 0]
[histogram_pool_size: -1]
[max_depth: -1]
[min_data_in_leaf: 20]
[min_sum_hessian_in_leaf: 0.001]
[bagging_fraction: 0.8]
[pos_bagging_fraction: 1]
[neg_bagging_fraction: 1]
[bagging_freq: 0]
[bagging_seed: 400]
[bagging_by_query: 0]
[feature_fraction: 0.8]
[feature_fraction_bynode: 1]
[feature_fraction_seed: 30056]
[extra_trees: 0]
[extra_seed: 42]
[early_stopping_round: 0]
[early_stopping_min_delta: 0]
[first_metric_only: 0]
[max_delta_step: 0]
[lambda_l1: 0]
[lambda_l2: 0]
[linear_lambda: 0]
[min_gain_to_split: 0]
[drop_rate: 0.1]
[max_drop: 50]
[skip_drop: 0.5]
[xgboost_dart_mode: 0]
[uniform_drop: 0]
[drop_seed: 17869]
[top_rate: 0.2]
[other_rate: 0.1]
[min_data_per_group: 100]
[max_cat_threshold: 32]
[cat_l2: 10]
[cat_smooth: 10]
[max_cat_to_onehot: 4]
[top_k: 20]
[monotone_constraints: ]
[monotone_constraints_method: basic]
[monotone_penalty: 0]
[feature_contri: ]
[forcedsplits_filename: ]
[refit_decay_rate: 0.9]
[cegb_tradeoff: 1]
[cegb_penalty_split: 0]
[cegb_penalty_feature_lazy: ]
[cegb_penalty_feature_coupled: ]
[path_smooth: 0]
[interaction_constraints: ]
[verbosity: -1]
[saved_feature_importance_type: 0]
[use_quantized_grad: 0]
[num_grad_quant_bins: 4]
[quant_train_renew_leaf: 0]
[stochastic_rounding: 1]
[linear_tree: 0]
[max_bin: 255]
[max_bin_by_feature: ]
[min_data_in_bin: 3]
[bin_construct_sample_cnt: 200000]
[data_random_seed: 175]
[is_enable_sparse: 1]
[enable_bundle: 1]
[use_missing: 1]
[zero_as_missing: 0]
[feature_pre_filter: 1]
[pre_partition: 0]
[two_round: 0]
[header: 0]
[label_column: ]
[weight_column: ]
[group_column: ]
[ignore_column: ]
[categorical_feature: ]
[forcedbins_filename: ]
[precise_float_parser: 0]
[parser_config_file: ]
[objective_seed: 16083]
[num_class: 1]
[is_unbalance: 0]
[scale_pos_weight: 1]
[sigmoid: 1]
[boost_from_average: 1]
[reg_sqrt: 0]
[alpha: 0.9]
[fair_c: 1]
[poisson_max_delta_step: 0.7]
[tweedie_variance_power: 1.5]
[lambdarank_truncation_level: 30]
[lambdarank_norm: 1]
[label_gain: ]
[lambdarank_position_bias_regularization: 0]
[eval_at: ]
[multi_error_top_k: 1]
[auc_mu_weights: ]
[num_machines: 1]
[local_listen_port: 12400]
[time_out: 120]
[machine_list_filename: ]
[machines: ]
[gpu_platform_id: -1]
[gpu_device_id: -1]
[gpu_device_id_list: ]
[gpu_use_dp: 0]
[num_gpu: 1]

end of parameters

pandas_categorical:null
